1.000000e+00 7.806256e-18 -3.881444e-17 8.724510e-10 5.204170e-18 1.000000e+00 -1.927847e-18 -2.297063e-11 -1.077697e-16 -2.898547e-18 1.000000e+00 -2.035417e-09
9.997620e-01 -3.365402e-03 -2.155695e-02 -2.842654e-02 3.346873e-03 9.999940e-01 -8.955841e-04 7.587899e-03 2.155983e-02 8.232225e-04 9.997672e-01 4.605817e-01
9.990353e-01 -7.087384e-03 -4.333960e-02 -6.897582e-02 7.185638e-03 9.999720e-01 2.111686e-03 1.289992e-02 4.332342e-02 -2.421072e-03 9.990582e-01 9.763652e-01
9.980813e-01 -4.396649e-03 -6.176048e-02 -1.195944e-01 4.833317e-03 9.999644e-01 6.922718e-03 1.747887e-02 6.172785e-02 -7.207943e-03 9.980670e-01 1.454910e+00
9.967751e-01 2.148972e-03 -8.021739e-02 -1.924103e-01 -1.174818e-03 9.999250e-01 1.218915e-02 2.855960e-02 8.023757e-02 -1.205560e-02 9.967029e-01 1.986687e+00
9.953582e-01 7.889506e-03 -9.591577e-02 -2.676265e-01 -6.301230e-03 9.998382e-01 1.685072e-02 4.109060e-02 9.603320e-02 -1.616811e-02 9.952468e-01 2.478688e+00
9.937044e-01 1.028848e-02 -1.115600e-01 -3.472855e-01 -8.097465e-03 9.997657e-01 2.007511e-02 5.218023e-02 1.117404e-01 -1.904537e-02 9.935549e-01 2.969665e+00
9.918848e-01 7.508658e-03 -1.269181e-01 -4.259144e-01 -5.004536e-03 9.997867e-01 2.003761e-02 6.084976e-02 1.270415e-01 -1.923983e-02 9.917108e-01 3.516254e+00
9.904135e-01 1.007297e-02 -1.377668e-01 -5.179049e-01 -7.519154e-03 9.997903e-01 1.904517e-02 7.057768e-02 1.379297e-01 -1.782670e-02 9.902816e-01 4.009652e+00
9.889835e-01 1.598611e-02 -1.471601e-01 -6.227934e-01 -1.419709e-02 9.998121e-01 1.319935e-02 8.405952e-02 1.473435e-01 -1.096470e-02 9.890246e-01 4.551148e+00
9.874747e-01 2.220289e-02 -1.562075e-01 -7.295320e-01 -2.170710e-02 9.997525e-01 4.879325e-03 9.762965e-02 1.562772e-01 -1.427397e-03 9.877122e-01 5.035866e+00
9.861301e-01 2.687436e-02 -1.637841e-01 -8.357204e-01 -2.719337e-02 9.996301e-01 2.944677e-04 1.062419e-01 1.637314e-01 4.163457e-03 9.864962e-01 5.525165e+00
9.850125e-01 3.229109e-02 -1.694334e-01 -9.421963e-01 -3.247496e-02 9.994711e-01 1.686668e-03 1.142472e-01 1.693983e-01 3.840954e-03 9.855402e-01 6.023236e+00
9.841566e-01 3.602722e-02 -1.736026e-01 -1.059073e+00 -3.502485e-02 9.993474e-01 8.835031e-03 1.296169e-01 1.738076e-01 -2.614650e-03 9.847762e-01 6.575633e+00
9.838396e-01 3.670046e-02 -1.752507e-01 -1.155532e+00 -3.426382e-02 9.992697e-01 1.691042e-02 1.444089e-01 1.757433e-01 -1.063238e-02 9.843786e-01 7.081499e+00
9.835594e-01 4.094423e-02 -1.758821e-01 -1.265580e+00 -3.643740e-02 9.989215e-01 2.877910e-02 1.587548e-01 1.768707e-01 -2.189727e-02 9.839905e-01 7.640619e+00
9.831050e-01 4.977765e-02 -1.761440e-01 -1.372631e+00 -4.312886e-02 9.982123e-01 4.137785e-02 1.728084e-01 1.778888e-01 -3.308188e-02 9.834944e-01 8.149814e+00
9.826794e-01 5.679972e-02 -1.763943e-01 -1.483120e+00 -4.846707e-02 9.975118e-01 5.119670e-02 1.926914e-01 1.788633e-01 -4.176062e-02 9.829873e-01 8.652209e+00
9.826899e-01 5.565941e-02 -1.766992e-01 -1.585626e+00 -4.645472e-02 9.973600e-01 5.581175e-02 2.227836e-01 1.793392e-01 -4.663712e-02 9.826813e-01 9.201628e+00
9.827455e-01 4.758564e-02 -1.787370e-01 -1.663003e+00 -3.913684e-02 9.979568e-01 5.050362e-02 2.423574e-01 1.807751e-01 -4.263700e-02 9.825998e-01 9.689396e+00
9.824463e-01 4.376479e-02 -1.813393e-01 -1.748420e+00 -3.829097e-02 9.987023e-01 3.357894e-02 2.474004e-01 1.825735e-01 -2.604584e-02 9.828471e-01 1.015895e+01
9.822582e-01 4.457446e-02 -1.821592e-01 -1.854374e+00 -4.375952e-02 9.990060e-01 8.492643e-03 2.546568e-01 1.823567e-01 -3.707659e-04 9.832324e-01 1.066231e+01
9.815676e-01 4.901345e-02 -1.847234e-01 -1.953471e+00 -5.158960e-02 9.986263e-01 -9.162627e-03 2.723666e-01 1.840206e-01 1.852354e-02 9.827478e-01 1.112104e+01
9.813050e-01 4.243665e-02 -1.877222e-01 -2.040108e+00 -4.771550e-02 9.985800e-01 -2.368957e-02 2.951524e-01 1.864504e-01 3.220395e-02 9.819364e-01 1.158435e+01
9.814572e-01 3.058679e-02 -1.892253e-01 -2.126398e+00 -3.601628e-02 9.990304e-01 -2.532064e-02 3.071133e-01 1.882673e-01 3.166631e-02 9.816072e-01 1.210393e+01
9.816133e-01 2.873043e-02 -1.887057e-01 -2.213908e+00 -3.180940e-02 9.994054e-01 -1.330740e-02 2.983362e-01 1.882111e-01 1.906533e-02 9.819435e-01 1.258777e+01
9.814327e-01 3.346618e-02 -1.888645e-01 -2.322791e+00 -3.394913e-02 9.994233e-01 6.782960e-04 2.821571e-01 1.887783e-01 5.746083e-03 9.820029e-01 1.311637e+01
9.810629e-01 3.943961e-02 -1.896317e-01 -2.426114e+00 -3.914936e-02 9.992194e-01 5.277806e-03 2.734572e-01 1.896918e-01 2.246101e-03 9.818411e-01 1.359340e+01
9.807519e-01 4.369183e-02 -1.903069e-01 -2.529355e+00 -4.320600e-02 9.990437e-01 6.703277e-03 2.741041e-01 1.904178e-01 1.648148e-03 9.817018e-01 1.407207e+01
9.805967e-01 3.977399e-02 -1.919585e-01 -2.623339e+00 -4.008723e-02 9.991936e-01 2.253187e-03 2.810496e-01 1.918934e-01 5.485616e-03 9.814005e-01 1.460479e+01
9.805471e-01 3.379319e-02 -1.933530e-01 -2.706972e+00 -3.536295e-02 9.993636e-01 -4.671998e-03 2.847597e-01 1.930720e-01 1.141864e-02 9.811181e-01 1.509094e+01
9.804396e-01 2.985187e-02 -1.945434e-01 -2.796390e+00 -3.232808e-02 9.994315e-01 -9.565087e-03 2.874502e-01 1.941473e-01 1.566720e-02 9.808473e-01 1.558590e+01
9.803034e-01 2.938248e-02 -1.952994e-01 -2.883507e+00 -3.227440e-02 9.994112e-01 -1.164118e-02 3.075551e-01 1.948424e-01 1.771506e-02 9.806746e-01 1.615772e+01
9.800172e-01 3.049157e-02 -1.965619e-01 -2.967761e+00 -3.385094e-02 9.993323e-01 -1.375286e-02 3.296740e-01 1.960113e-01 2.013185e-02 9.803950e-01 1.668411e+01
9.795726e-01 3.017991e-02 -1.988131e-01 -3.054975e+00 -3.335786e-02 9.993634e-01 -1.265384e-02 3.441803e-01 1.983047e-01 1.902733e-02 9.799557e-01 1.721607e+01
9.791687e-01 3.103571e-02 -2.006627e-01 -3.153780e+00 -3.271617e-02 9.994519e-01 -5.062958e-03 3.510117e-01 2.003956e-01 1.152240e-02 9.796473e-01 1.781633e+01
9.787637e-01 3.156733e-02 -2.025465e-01 -3.250176e+00 -3.258610e-02 9.994675e-01 -1.696237e-03 3.566592e-01 2.023851e-01 8.260414e-03 9.792712e-01 1.836415e+01
9.782946e-01 3.008642e-02 -2.050232e-01 -3.345710e+00 -3.108321e-02 9.995155e-01 -1.642168e-03 3.694175e-01 2.048745e-01 7.979302e-03 9.787557e-01 1.891909e+01
9.776201e-01 2.886853e-02 -2.083879e-01 -3.469686e+00 -2.990524e-02 9.995511e-01 -1.825422e-03 4.051072e-01 2.082417e-01 8.016461e-03 9.780445e-01 1.952953e+01
9.767668e-01 2.892712e-02 -2.123438e-01 -3.603784e+00 -2.987665e-02 9.995528e-01 -1.263660e-03 4.435666e-01 2.122122e-01 7.578420e-03 9.771942e-01 2.014963e+01
9.758549e-01 3.002705e-02 -2.163458e-01 -3.730668e+00 -3.085591e-02 9.995237e-01 -4.536204e-04 4.695788e-01 2.162291e-01 7.118215e-03 9.763167e-01 2.072388e+01
9.748122e-01 3.052022e-02 -2.209293e-01 -3.862453e+00 -3.129730e-02 9.995101e-01 -1.680620e-05 4.986802e-01 2.208206e-01 6.930873e-03 9.752898e-01 2.130775e+01
9.738824e-01 2.957454e-02 -2.251188e-01 -3.995937e+00 -3.040068e-02 9.995378e-01 -2.035342e-04 5.200481e-01 2.250087e-01 7.041982e-03 9.743313e-01 2.190236e+01
9.728229e-01 2.909693e-02 -2.297151e-01 -4.150373e+00 -3.014585e-02 9.995450e-01 -1.057285e-03 5.442374e-01 2.295798e-01 7.953508e-03 9.732573e-01 2.256549e+01
9.717534e-01 2.981678e-02 -2.341075e-01 -4.297939e+00 -3.104168e-02 9.995169e-01 -1.548307e-03 5.627225e-01 2.339483e-01 8.771662e-03 9.722095e-01 2.317918e+01
9.706064e-01 3.184952e-02 -2.385559e-01 -4.468865e+00 -3.305331e-02 9.994530e-01 -1.046481e-03 5.871911e-01 2.383921e-01 8.900781e-03 9.711282e-01 2.386861e+01
9.695369e-01 3.275178e-02 -2.427459e-01 -4.627875e+00 -3.364125e-02 9.994339e-01 4.812128e-04 6.125145e-01 2.426243e-01 7.699723e-03 9.700898e-01 2.451135e+01
9.685255e-01 3.274790e-02 -2.467508e-01 -4.788078e+00 -3.313088e-02 9.994476e-01 2.600686e-03 6.345664e-01 2.466997e-01 5.656241e-03 9.690755e-01 2.515823e+01
9.675920e-01 3.282865e-02 -2.503758e-01 -4.954121e+00 -3.275466e-02 9.994535e-01 4.463552e-03 6.590554e-01 2.503855e-01 3.882076e-03 9.681384e-01 2.580667e+01
9.665966e-01 3.377700e-02 -2.540670e-01 -5.139128e+00 -3.341805e-02 9.994250e-01 5.729996e-03 6.807751e-01 2.541145e-01 2.951830e-03 9.671697e-01 2.651737e+01
9.655743e-01 3.545959e-02 -2.576992e-01 -5.313121e+00 -3.502534e-02 9.993667e-01 6.276998e-03 7.032061e-01 2.577586e-01 2.965095e-03 9.662048e-01 2.716403e+01
9.644737e-01 3.701806e-02 -2.615726e-01 -5.504641e+00 -3.614561e-02 9.993133e-01 8.147491e-03 7.227669e-01 2.616946e-01 1.596661e-03 9.651494e-01 2.787572e+01
9.634515e-01 3.778228e-02 -2.652050e-01 -5.681443e+00 -3.653577e-02 9.992859e-01 9.633557e-03 7.419137e-01 2.653796e-01 4.080031e-04 9.641439e-01 2.852404e+01
9.625369e-01 3.667531e-02 -2.686590e-01 -5.858794e+00 -3.513401e-02 9.993270e-01 1.054440e-02 7.585234e-01 2.688649e-01 -7.103043e-04 9.631776e-01 2.917027e+01
9.614855e-01 3.635500e-02 -2.724408e-01 -6.057888e+00 -3.482187e-02 9.993388e-01 1.046188e-02 7.768505e-01 2.726410e-01 -5.720452e-04 9.621157e-01 2.988038e+01
9.605077e-01 3.559397e-02 -2.759673e-01 -6.239813e+00 -3.478275e-02 9.993642e-01 7.835115e-03 7.917878e-01 2.760707e-01 2.073215e-03 9.611351e-01 3.052359e+01
9.594664e-01 3.384569e-02 -2.797832e-01 -6.424322e+00 -3.435957e-02 9.994048e-01 3.069144e-03 8.039165e-01 2.797206e-01 6.668492e-03 9.600583e-01 3.116470e+01
9.581932e-01 3.097443e-02 -2.844403e-01 -6.621508e+00 -3.307669e-02 9.994495e-01 -2.589223e-03 8.151285e-01 2.842035e-01 1.188932e-02 9.586903e-01 3.187481e+01
9.567558e-01 2.731290e-02 -2.896072e-01 -6.802576e+00 -3.043740e-02 9.995169e-01 -6.289381e-03 8.277557e-01 2.892955e-01 1.483229e-02 9.571249e-01 3.252186e+01
9.551128e-01 2.366568e-02 -2.952957e-01 -6.992846e+00 -2.708670e-02 9.996050e-01 -7.499330e-03 8.519148e-01 2.950016e-01 1.516129e-02 9.553765e-01 3.317107e+01
9.528765e-01 2.246945e-02 -3.025251e-01 -7.209624e+00 -2.486627e-02 9.996825e-01 -4.072940e-03 8.680181e-01 3.023376e-01 1.140368e-02 9.531327e-01 3.388421e+01
9.503231e-01 2.343253e-02 -3.103818e-01 -7.416234e+00 -2.474989e-02 9.996936e-01 -3.061894e-04 8.861952e-01 3.102796e-01 7.972893e-03 9.506119e-01 3.453116e+01
9.470516e-01 2.455829e-02 -3.201409e-01 -7.650243e+00 -2.469757e-02 9.996884e-01 3.625801e-03 9.016113e-01 3.201302e-01 4.472884e-03 9.473630e-01 3.523829e+01
9.437471e-01 2.524159e-02 -3.297032e-01 -7.872297e+00 -2.455678e-02 9.996789e-01 6.242289e-03 9.181364e-01 3.297549e-01 2.205307e-03 9.440640e-01 3.587788e+01
9.403154e-01 2.554530e-02 -3.393441e-01 -8.102796e+00 -2.447187e-02 9.996728e-01 7.442823e-03 9.330706e-01 3.394232e-01 1.305783e-03 9.406329e-01 3.651383e+01
9.363859e-01 2.569018e-02 -3.500306e-01 -8.366730e+00 -2.504414e-02 9.996660e-01 6.372659e-03 9.501495e-01 3.500774e-01 2.798947e-03 9.367166e-01 3.720899e+01
9.324405e-01 2.606954e-02 -3.603819e-01 -8.613792e+00 -2.618627e-02 9.996467e-01 4.559583e-03 9.645503e-01 3.603734e-01 5.185518e-03 9.327937e-01 3.783944e+01
9.280899e-01 2.687276e-02 -3.713851e-01 -8.869525e+00 -2.732642e-02 9.996184e-01 4.042005e-03 9.796674e-01 3.713520e-01 6.397281e-03 9.284701e-01 3.846980e+01
9.234749e-01 2.226983e-02 -3.830119e-01 -9.155761e+00 -2.223567e-02 9.997426e-01 4.516897e-03 9.970527e-01 3.830139e-01 4.345285e-03 9.237323e-01 3.916428e+01
9.186793e-01 2.298964e-02 -3.943346e-01 -9.426518e+00 -2.319632e-02 9.997219e-01 4.243282e-03 1.008588e+00 3.943225e-01 5.248897e-03 9.189571e-01 3.979251e+01
9.142790e-01 2.033104e-02 -4.045746e-01 -9.704939e+00 -2.096892e-02 9.997761e-01 2.854980e-03 1.016762e+00 4.045421e-01 5.873244e-03 9.145005e-01 4.041798e+01
9.089819e-01 2.034381e-02 -4.163389e-01 -1.002011e+01 -2.243923e-02 9.997482e-01 -1.396983e-04 1.031041e+00 4.162312e-01 9.469309e-03 9.092095e-01 4.110246e+01
9.039148e-01 1.346138e-02 -4.275006e-01 -1.029918e+01 -1.728528e-02 9.998378e-01 -5.064845e-03 1.064251e+00 4.273631e-01 1.196765e-02 9.040009e-01 4.171757e+01
8.983497e-01 1.308815e-02 -4.390860e-01 -1.062493e+01 -1.500256e-02 9.998871e-01 -8.901841e-04 1.089642e+00 4.390248e-01 7.387110e-03 8.984446e-01 4.240240e+01
8.932955e-01 1.332600e-02 -4.492723e-01 -1.092898e+01 -1.229981e-02 9.999108e-01 5.202747e-03 1.113183e+00 4.493016e-01 8.783769e-04 8.933797e-01 4.302536e+01
8.879635e-01 1.499773e-02 -4.596693e-01 -1.124490e+01 -1.120598e-02 9.998770e-01 1.097612e-02 1.135961e+00 4.597774e-01 -4.595350e-03 8.880223e-01 4.364690e+01
8.820602e-01 1.579422e-02 -4.708719e-01 -1.160081e+01 -1.071135e-02 9.998519e-01 1.347251e-02 1.162051e+00 4.710150e-01 -6.839891e-03 8.820987e-01 4.432359e+01
8.764980e-01 1.495408e-02 -4.811732e-01 -1.193655e+01 -1.047203e-02 9.998732e-01 1.199874e-02 1.181123e+00 4.812916e-01 -5.478007e-03 8.765434e-01 4.493366e+01
8.708431e-01 1.201107e-02 -4.914143e-01 -1.227868e+01 -8.614304e-03 9.999208e-01 9.174367e-03 1.198630e+00 4.914856e-01 -3.756240e-03 8.708776e-01 4.554724e+01
8.645973e-01 7.839043e-03 -5.024043e-01 -1.264948e+01 -4.710075e-03 9.999608e-01 7.496790e-03 1.195966e+00 5.024434e-01 -4.115340e-03 8.646003e-01 4.622491e+01
8.587873e-01 8.053632e-03 -5.122690e-01 -1.300092e+01 -3.790617e-03 9.999490e-01 9.365957e-03 1.199793e+00 5.123183e-01 -6.101548e-03 8.587740e-01 4.684027e+01
8.533204e-01 1.114146e-02 -5.212679e-01 -1.336343e+01 -5.418910e-03 9.999072e-01 1.250098e-02 1.196907e+00 5.213588e-01 -7.842637e-03 8.533015e-01 4.745260e+01
8.475182e-01 1.140226e-02 -5.306438e-01 -1.377296e+01 -3.986948e-03 9.998778e-01 1.511721e-02 1.201495e+00 5.307513e-01 -1.069646e-02 8.474601e-01 4.812197e+01
8.424487e-01 8.971081e-03 -5.387019e-01 -1.414691e+01 -1.445194e-03 9.998954e-01 1.439134e-02 1.206438e+00 5.387747e-01 -1.134543e-02 8.423735e-01 4.872809e+01
8.375428e-01 7.253710e-03 -5.463236e-01 -1.456753e+01 -9.583161e-04 9.999298e-01 1.180724e-02 1.219602e+00 5.463710e-01 -9.365512e-03 8.374909e-01 4.939186e+01
8.334646e-01 7.519118e-03 -5.525218e-01 -1.495762e+01 -1.784789e-03 9.999388e-01 1.091559e-02 1.227121e+00 5.525701e-01 -8.111619e-03 8.334270e-01 4.999469e+01
8.296614e-01 4.705050e-03 -5.582471e-01 -1.535011e+01 3.281536e-04 9.999602e-01 8.915622e-03 1.237659e+00 5.582669e-01 -7.580136e-03 8.296268e-01 5.059987e+01
8.257841e-01 3.916517e-03 -5.639727e-01 -1.579290e+01 1.432294e-03 9.999581e-01 9.041430e-03 1.246452e+00 5.639845e-01 -8.274042e-03 8.257439e-01 5.126417e+01
8.233059e-01 4.754255e-03 -5.675780e-01 -1.620172e+01 6.057958e-04 9.999570e-01 9.254776e-03 1.256102e+00 5.675976e-01 -7.963345e-03 8.232676e-01 5.186805e+01
8.212973e-01 5.810454e-03 -5.704708e-01 -1.661364e+01 -2.812515e-05 9.999485e-01 1.014435e-02 1.266111e+00 5.705005e-01 -8.315481e-03 8.212552e-01 5.247436e+01
8.196661e-01 6.989199e-03 -5.727990e-01 -1.706963e+01 -4.292584e-04 9.999328e-01 1.158676e-02 1.279141e+00 5.728415e-01 -9.251390e-03 8.196140e-01 5.314445e+01
8.186578e-01 9.889341e-03 -5.741965e-01 -1.748569e+01 -2.423233e-03 9.999023e-01 1.376633e-02 1.300672e+00 5.742765e-01 -9.878497e-03 8.186018e-01 5.375986e+01
8.179734e-01 1.291526e-02 -5.751110e-01 -1.790768e+01 -5.115686e-03 9.998717e-01 1.517814e-02 1.325325e+00 5.752333e-01 -9.473224e-03 8.179345e-01 5.437506e+01
8.170561e-01 1.546010e-02 -5.763509e-01 -1.837325e+01 -7.891311e-03 9.998467e-01 1.563299e-02 1.349666e+00 5.765042e-01 -8.224865e-03 8.170528e-01 5.505363e+01
8.164177e-01 1.562129e-02 -5.772505e-01 -1.879657e+01 -8.826442e-03 9.998548e-01 1.457419e-02 1.376673e+00 5.773944e-01 -6.803554e-03 8.164371e-01 5.567201e+01
8.156963e-01 1.597414e-02 -5.782598e-01 -1.926300e+01 -9.591846e-03 9.998547e-01 1.409020e-02 1.401509e+00 5.784009e-01 -5.946739e-03 8.157310e-01 5.635316e+01
8.151534e-01 1.670818e-02 -5.790040e-01 -1.968962e+01 -1.048156e-02 9.998457e-01 1.409579e-02 1.420558e+00 5.791502e-01 -5.421364e-03 8.152028e-01 5.697089e+01
8.148872e-01 1.599310e-02 -5.793988e-01 -2.011531e+01 -1.004302e-02 9.998588e-01 1.347416e-02 1.438405e+00 5.795325e-01 -5.161008e-03 8.149328e-01 5.758749e+01
8.147171e-01 1.534850e-02 -5.796555e-01 -2.058282e+01 -9.676921e-03 9.998703e-01 1.287412e-02 1.459612e+00 5.797779e-01 -4.879483e-03 8.147599e-01 5.826527e+01
8.147560e-01 1.522882e-02 -5.796040e-01 -2.100536e+01 -9.234144e-03 9.998690e-01 1.329055e-02 1.477899e+00 5.797305e-01 -5.476408e-03 8.147899e-01 5.888194e+01
8.149553e-01 1.573748e-02 -5.793100e-01 -2.148469e+01 -8.753875e-03 9.998515e-01 1.484719e-02 1.478939e+00 5.794577e-01 -7.028589e-03 8.149720e-01 5.954569e+01
8.152119e-01 1.738320e-02 -5.789018e-01 -2.191847e+01 -1.021314e-02 9.998255e-01 1.564046e-02 1.484273e+00 5.790727e-01 -6.837882e-03 8.152472e-01 6.014753e+01
8.157035e-01 1.831521e-02 -5.781802e-01 -2.235010e+01 -1.105829e-02 9.998097e-01 1.607016e-02 1.491823e+00 5.783645e-01 -6.714798e-03 8.157508e-01 6.074872e+01
8.161213e-01 1.918357e-02 -5.775621e-01 -2.277985e+01 -1.197447e-02 9.997956e-01 1.628747e-02 1.494629e+00 5.777565e-01 -6.376548e-03 8.161843e-01 6.134906e+01
8.166714e-01 2.014104e-02 -5.767514e-01 -2.323996e+01 -1.323796e-02 9.997816e-01 1.616915e-02 1.496171e+00 5.769511e-01 -5.569874e-03 8.167597e-01 6.201778e+01
8.172293e-01 2.146562e-02 -5.759127e-01 -2.365801e+01 -1.479536e-02 9.997582e-01 1.626850e-02 1.494251e+00 5.761227e-01 -4.774261e-03 8.173493e-01 6.262313e+01
8.176932e-01 2.184590e-02 -5.752396e-01 -2.411577e+01 -1.541461e-02 9.997523e-01 1.605605e-02 1.500645e+00 5.754478e-01 -4.261828e-03 8.178274e-01 6.328613e+01
8.182414e-01 2.159247e-02 -5.744692e-01 -2.452994e+01 -1.452421e-02 9.997519e-01 1.689004e-02 1.503449e+00 5.746913e-01 -5.476421e-03 8.183519e-01 6.388846e+01
8.187984e-01 2.124367e-02 -5.736880e-01 -2.493933e+01 -1.321360e-02 9.997477e-01 1.816152e-02 1.511052e+00 5.739291e-01 -7.290137e-03 8.188725e-01 6.449084e+01
8.193117e-01 1.938590e-02 -5.730205e-01 -2.538523e+01 -1.080132e-02 9.997727e-01 1.837953e-02 1.519271e+00 5.732466e-01 -8.869182e-03 8.193349e-01 6.515335e+01
8.196804e-01 1.687432e-02 -5.725725e-01 -2.578550e+01 -8.649055e-03 9.998167e-01 1.708389e-02 1.528259e+00 5.727559e-01 -9.051113e-03 8.196760e-01 6.575166e+01
8.197909e-01 1.434786e-02 -5.724833e-01 -2.618804e+01 -6.864245e-03 9.998605e-01 1.522946e-02 1.533957e+00 5.726219e-01 -8.555307e-03 8.197749e-01 6.634031e+01
8.196308e-01 1.287571e-02 -5.727474e-01 -2.663483e+01 -6.626617e-03 9.998936e-01 1.299520e-02 1.539948e+00 5.728538e-01 -6.855885e-03 8.196289e-01 6.698855e+01
8.194728e-01 1.226413e-02 -5.729868e-01 -2.704378e+01 -6.397827e-03 9.999045e-01 1.225179e-02 1.549238e+00 5.730823e-01 -6.374139e-03 8.194730e-01 6.758546e+01
8.191370e-01 1.370620e-02 -5.734341e-01 -2.745694e+01 -6.956333e-03 9.998783e-01 1.396210e-02 1.564739e+00 5.735557e-01 -7.447870e-03 8.191327e-01 6.818707e+01
8.183703e-01 1.552800e-02 -5.744815e-01 -2.791402e+01 -7.583860e-03 9.998397e-01 1.622177e-02 1.588233e+00 5.746413e-01 -8.918623e-03 8.183568e-01 6.885630e+01
8.173455e-01 1.662822e-02 -5.759079e-01 -2.833798e+01 -8.840153e-03 9.998277e-01 1.632189e-02 1.609299e+00 5.760801e-01 -8.249505e-03 8.173516e-01 6.946125e+01
8.159275e-01 1.153594e-02 -5.780391e-01 -2.879873e+01 -4.927201e-03 9.999034e-01 1.300014e-02 1.629962e+00 5.781332e-01 -7.759057e-03 8.159055e-01 7.013241e+01
8.143215e-01 3.091378e-03 -5.804059e-01 -2.921664e+01 1.253569e-03 9.999741e-01 7.084882e-03 1.639268e+00 5.804128e-01 -6.496948e-03 8.142965e-01 7.074249e+01
8.124651e-01 -3.959667e-03 -5.829963e-01 -2.963902e+01 6.294300e-03 9.999782e-01 1.979975e-03 1.648531e+00 5.829758e-01 -5.278212e-03 8.124724e-01 7.135690e+01
8.103853e-01 -7.013614e-03 -5.858553e-01 -3.011748e+01 8.673159e-03 9.999624e-01 2.602995e-05 1.656354e+00 5.858331e-01 -5.102309e-03 8.104157e-01 7.203442e+01
8.085197e-01 -8.150892e-03 -5.884127e-01 -3.055769e+01 1.286593e-02 9.999099e-01 3.827587e-03 1.662040e+00 5.883285e-01 -1.066515e-02 8.085517e-01 7.265904e+01
8.067376e-01 -1.137513e-02 -5.908003e-01 -3.099969e+01 1.846571e-02 9.998117e-01 5.964772e-03 1.667339e+00 5.906212e-01 -1.572155e-02 8.067958e-01 7.328721e+01
8.051198e-01 -1.108256e-02 -5.930086e-01 -3.149658e+01 1.866327e-02 9.998037e-01 6.653831e-03 1.685453e+00 5.928185e-01 -1.642461e-02 8.051686e-01 7.397162e+01
8.037322e-01 -9.442780e-03 -5.949162e-01 -3.195564e+01 1.449368e-02 9.998881e-01 3.710299e-03 1.704310e+00 5.948146e-01 -1.160461e-02 8.037791e-01 7.459099e+01
8.025539e-01 -1.750411e-03 -5.965771e-01 -3.242932e+01 5.795314e-03 9.999714e-01 4.862224e-03 1.720976e+00 5.965515e-01 -7.359546e-03 8.025411e-01 7.521063e+01
8.014019e-01 2.709525e-03 -5.981201e-01 -3.295190e+01 5.737288e-04 9.999858e-01 5.298726e-03 1.738219e+00 5.981260e-01 -4.589566e-03 8.013889e-01 7.590196e+01
8.006439e-01 5.943477e-03 -5.991111e-01 -3.343063e+01 -3.378538e-03 9.999797e-01 5.405261e-03 1.751055e+00 5.991310e-01 -2.303568e-03 8.006477e-01 7.653246e+01
8.001134e-01 8.832434e-03 -5.997837e-01 -3.395958e+01 -9.393913e-03 9.999535e-01 2.193838e-03 1.764545e+00 5.997752e-01 3.878998e-03 8.001591e-01 7.723015e+01
8.000132e-01 9.207527e-03 -5.999118e-01 -3.444354e+01 -1.303604e-02 9.999130e-01 -2.037427e-03 1.778302e+00 5.998408e-01 9.450443e-03 8.000636e-01 7.786757e+01
7.994473e-01 9.561563e-03 -6.006602e-01 -3.492987e+01 -1.366150e-02 9.999041e-01 -2.265841e-03 1.790572e+00 6.005809e-01 1.001734e-02 7.995012e-01 7.851775e+01
7.992869e-01 1.169784e-02 -6.008357e-01 -3.547126e+01 -1.216825e-02 9.999206e-01 3.280412e-03 1.803472e+00 6.008264e-01 4.689133e-03 7.993658e-01 7.924401e+01
7.996284e-01 1.280260e-02 -6.003586e-01 -3.596454e+01 -1.031627e-02 9.999180e-01 7.582748e-03 1.813700e+00 6.004065e-01 1.300815e-04 7.996950e-01 7.991235e+01
7.999745e-01 1.431735e-02 -5.998632e-01 -3.651348e+01 -1.077696e-02 9.998969e-01 9.493145e-03 1.830728e+00 5.999372e-01 -1.129573e-03 8.000463e-01 8.065047e+01
8.002643e-01 1.405639e-02 -5.994826e-01 -3.701583e+01 -1.057061e-02 9.999006e-01 9.334230e-03 1.854823e+00 5.995543e-01 -1.132950e-03 8.003333e-01 8.132929e+01
8.005674e-01 1.462347e-02 -5.990642e-01 -3.752584e+01 -1.126840e-02 9.998928e-01 9.349237e-03 1.879504e+00 5.991367e-01 -7.342002e-04 8.006464e-01 8.201172e+01
8.007727e-01 1.596604e-02 -5.987555e-01 -3.804794e+01 -1.291170e-02 9.998725e-01 9.393930e-03 1.909611e+00 5.988292e-01 2.085524e-04 8.008767e-01 8.269709e+01
8.007404e-01 1.714267e-02 -5.987662e-01 -3.861981e+01 -1.440135e-02 9.998524e-01 9.366597e-03 1.937538e+00 5.988384e-01 1.122832e-03 8.008691e-01 8.345846e+01
8.006283e-01 1.642681e-02 -5.989361e-01 -3.914419e+01 -1.397015e-02 9.998641e-01 8.748320e-03 1.964854e+00 5.989985e-01 1.363077e-03 8.007490e-01 8.415634e+01
8.002298e-01 1.666981e-02 -5.994617e-01 -3.966937e+01 -1.458738e-02 9.998589e-01 8.331144e-03 1.990058e+00 5.995160e-01 2.077748e-03 8.003601e-01 8.485999e+01
7.992668e-01 1.724775e-02 -6.007288e-01 -4.025230e+01 -1.471357e-02 9.998501e-01 9.130733e-03 2.024236e+00 6.007962e-01 1.540976e-03 7.994007e-01 8.564165e+01
7.978250e-01 1.744156e-02 -6.026367e-01 -4.078483e+01 -1.359319e-02 9.998477e-01 1.094179e-02 2.045708e+00 6.027358e-01 -5.378753e-04 7.979406e-01 8.635663e+01
7.964336e-01 1.902036e-02 -6.044267e-01 -4.137795e+01 -1.370709e-02 9.998162e-01 1.340127e-02 2.065222e+00 6.045706e-01 -2.388288e-03 7.965480e-01 8.714425e+01
7.952003e-01 2.059436e-02 -6.059970e-01 -4.191756e+01 -1.503497e-02 9.997855e-01 1.424782e-02 2.083983e+00 6.061604e-01 -2.218720e-03 7.953393e-01 8.785669e+01
7.938593e-01 2.192289e-02 -6.077062e-01 -4.245948e+01 -1.700730e-02 9.997594e-01 1.384917e-02 2.104131e+00 6.078637e-01 -6.588492e-04 7.940412e-01 8.856820e+01
7.927917e-01 2.118940e-02 -6.091243e-01 -4.306049e+01 -1.637480e-02 9.997752e-01 1.346661e-02 2.125486e+00 6.092727e-01 -7.019268e-04 7.929605e-01 8.935214e+01
7.919512e-01 2.037267e-02 -6.102444e-01 -4.360535e+01 -1.523034e-02 9.997914e-01 1.361215e-02 2.144615e+00 6.103944e-01 -1.485926e-03 7.920962e-01 9.006679e+01
7.912259e-01 2.018881e-02 -6.111906e-01 -4.415387e+01 -1.412478e-02 9.997916e-01 1.473962e-02 2.163861e+00 6.113608e-01 -3.029434e-03 7.913462e-01 9.078282e+01
7.902364e-01 2.132079e-02 -6.124311e-01 -4.475645e+01 -1.466608e-02 9.997663e-01 1.588120e-02 2.186701e+00 6.126266e-01 -3.567931e-03 7.903644e-01 9.156839e+01
7.895655e-01 2.092481e-02 -6.133094e-01 -4.530805e+01 -1.334349e-02 9.997676e-01 1.693173e-02 2.205763e+00 6.135212e-01 -5.185023e-03 7.896612e-01 9.228222e+01
7.886409e-01 1.995869e-02 -6.145301e-01 -4.591641e+01 -1.241316e-02 9.997861e-01 1.654094e-02 2.221552e+00 6.147288e-01 -5.416598e-03 7.887200e-01 9.305402e+01
7.880792e-01 2.086258e-02 -6.152202e-01 -4.647655e+01 -1.447735e-02 9.997772e-01 1.535815e-02 2.233810e+00 6.154036e-01 -3.196677e-03 7.882057e-01 9.374890e+01
7.877523e-01 2.122751e-02 -6.156262e-01 -4.703728e+01 -1.610961e-02 9.997742e-01 1.385961e-02 2.253442e+00 6.157814e-01 -1.000436e-03 7.879164e-01 9.444833e+01
7.875618e-01 2.256318e-02 -6.158224e-01 -4.766574e+01 -1.828026e-02 9.997451e-01 1.325154e-02 2.284243e+00 6.159645e-01 8.209875e-04 7.877735e-01 9.521690e+01
7.879873e-01 2.481572e-02 -6.151912e-01 -4.823595e+01 -2.179898e-02 9.996854e-01 1.240363e-02 2.305790e+00 6.153055e-01 3.636635e-03 7.882804e-01 9.591623e+01
7.887532e-01 2.654380e-02 -6.141366e-01 -4.880392e+01 -2.511468e-02 9.996246e-01 1.094961e-02 2.327031e+00 6.141968e-01 6.787307e-03 7.891237e-01 9.661788e+01
7.897381e-01 2.975296e-02 -6.127222e-01 -4.943734e+01 -3.081838e-02 9.994862e-01 8.811862e-03 2.335664e+00 6.126696e-01 1.192405e-02 7.902492e-01 9.737496e+01
7.910156e-01 3.247028e-02 -6.109337e-01 -5.000739e+01 -3.484205e-02 9.993608e-01 8.002377e-03 2.345587e+00 6.108030e-01 1.495618e-02 7.916413e-01 9.807333e+01
7.923360e-01 3.463861e-02 -6.091009e-01 -5.057918e+01 -3.718299e-02 9.992727e-01 8.458374e-03 2.354524e+00 6.089508e-01 1.594631e-02 7.930477e-01 9.877459e+01
7.938050e-01 3.728658e-02 -6.070282e-01 -5.120152e+01 -3.949514e-02 9.991724e-01 9.726551e-03 2.366574e+00 6.068886e-01 1.625368e-02 7.946207e-01 9.955839e+01
7.952257e-01 3.772062e-02 -6.051391e-01 -5.177024e+01 -3.959985e-02 9.991631e-01 1.024267e-02 2.375594e+00 6.050190e-01 1.581818e-02 7.960539e-01 1.002710e+02
7.965593e-01 3.762460e-02 -6.033885e-01 -5.238738e+01 -3.919153e-02 9.991759e-01 1.056570e-02 2.391570e+00 6.032887e-01 1.523151e-02 7.973774e-01 1.010678e+02
7.980143e-01 3.635881e-02 -6.015406e-01 -5.295084e+01 -3.700402e-02 9.992511e-01 1.130738e-02 2.405655e+00 6.015013e-01 1.323597e-02 7.987622e-01 1.017947e+02
7.993008e-01 3.443870e-02 -5.999434e-01 -5.350939e+01 -3.378957e-02 9.993527e-01 1.234845e-02 2.421924e+00 5.999804e-01 1.040170e-02 7.999471e-01 1.025312e+02
8.002676e-01 3.365912e-02 -5.986975e-01 -5.413072e+01 -3.286593e-02 9.993846e-01 1.225472e-02 2.437742e+00 5.987416e-01 9.869699e-03 8.008814e-01 1.033394e+02
8.010144e-01 3.135194e-02 -5.978236e-01 -5.469238e+01 -3.238927e-02 9.994347e-01 9.015962e-03 2.451548e+00 5.977683e-01 1.214115e-02 8.015770e-01 1.040771e+02
8.015542e-01 2.741901e-02 -5.972932e-01 -5.525237e+01 -3.123815e-02 9.995041e-01 3.961782e-03 2.463948e+00 5.971056e-01 1.548275e-02 8.020132e-01 1.048177e+02
8.022254e-01 2.185879e-02 -5.966210e-01 -5.586739e+01 -2.764424e-02 9.996177e-01 -5.472087e-04 2.471243e+00 5.963809e-01 1.693211e-02 8.025230e-01 1.056332e+02
8.027075e-01 2.299692e-02 -5.959293e-01 -5.643080e+01 -2.782311e-02 9.996123e-01 1.097762e-03 2.472735e+00 5.957235e-01 1.569942e-02 8.030361e-01 1.063796e+02
8.030123e-01 2.491075e-02 -5.954416e-01 -5.699978e+01 -2.749115e-02 9.996108e-01 4.744929e-03 2.467210e+00 5.953281e-01 1.255914e-02 8.033846e-01 1.071266e+02
8.031376e-01 2.453929e-02 -5.952879e-01 -5.762190e+01 -2.586147e-02 9.996456e-01 6.316748e-03 2.472077e+00 5.952320e-01 1.032180e-02 8.034876e-01 1.079560e+02
8.031350e-01 2.567379e-02 -5.952436e-01 -5.819173e+01 -2.729547e-02 9.996076e-01 6.286121e-03 2.474520e+00 5.951715e-01 1.119885e-02 8.035207e-01 1.087052e+02
8.032865e-01 2.779630e-02 -5.949438e-01 -5.881968e+01 -2.985866e-02 9.995337e-01 6.384275e-03 2.483631e+00 5.948439e-01 1.263583e-02 8.037419e-01 1.095341e+02
8.033213e-01 2.982222e-02 -5.947988e-01 -5.939283e+01 -3.150084e-02 9.994751e-01 7.567719e-03 2.489246e+00 5.947123e-01 1.265735e-02 8.038390e-01 1.102871e+02
8.034587e-01 3.184104e-02 -5.945084e-01 -5.996681e+01 -3.278605e-02 9.994199e-01 9.218254e-03 2.495870e+00 5.944570e-01 1.208510e-02 8.040366e-01 1.110434e+02
8.036056e-01 3.303454e-02 -5.942447e-01 -6.061005e+01 -3.308752e-02 9.993940e-01 1.081239e-02 2.501369e+00 5.942418e-01 1.097319e-02 8.042116e-01 1.118710e+02
8.036810e-01 3.233070e-02 -5.941814e-01 -6.118860e+01 -3.269748e-02 9.994137e-01 1.015414e-02 2.510528e+00 5.941613e-01 1.126754e-02 8.042670e-01 1.126269e+02
8.036949e-01 3.114289e-02 -5.942261e-01 -6.176172e+01 -3.230036e-02 9.994404e-01 8.693394e-03 2.522658e+00 5.941643e-01 1.220688e-02 8.042510e-01 1.133835e+02
8.034957e-01 3.031286e-02 -5.945383e-01 -6.239185e+01 -3.149266e-02 9.994687e-01 8.397344e-03 2.535806e+00 5.944770e-01 1.197636e-02 8.040234e-01 1.142167e+02
8.030823e-01 3.010135e-02 -5.951073e-01 -6.296657e+01 -3.003859e-02 9.994985e-01 1.001971e-02 2.546733e+00 5.951105e-01 9.829536e-03 8.035838e-01 1.149777e+02
8.024027e-01 3.105826e-02 -5.959743e-01 -6.354458e+01 -2.945542e-02 9.994888e-01 1.242885e-02 2.556835e+00 5.960557e-01 7.581729e-03 8.029073e-01 1.157371e+02
8.017103e-01 3.106044e-02 -5.969053e-01 -6.417962e+01 -2.853733e-02 9.994991e-01 1.368092e-02 2.573719e+00 5.970312e-01 6.065952e-03 8.021951e-01 1.165750e+02
8.009653e-01 3.112170e-02 -5.979013e-01 -6.475921e+01 -2.822015e-02 9.995006e-01 1.422107e-02 2.589913e+00 5.980453e-01 5.482284e-03 8.014436e-01 1.173346e+02
8.001192e-01 3.047974e-02 -5.990661e-01 -6.539806e+01 -2.634652e-02 9.995301e-01 1.566617e-02 2.606451e+00 5.992622e-01 3.248508e-03 8.005463e-01 1.181744e+02
7.994629e-01 2.978865e-02 -5.999764e-01 -6.598143e+01 -2.353070e-02 9.995561e-01 1.827323e-02 2.622174e+00 6.002545e-01 -4.909048e-04 7.998089e-01 1.189395e+02
7.986961e-01 3.101248e-02 -6.009349e-01 -6.656843e+01 -2.247121e-02 9.995116e-01 2.171561e-02 2.644086e+00 6.013149e-01 -3.840439e-03 7.990029e-01 1.197073e+02
7.977457e-01 3.130547e-02 -6.021808e-01 -6.721599e+01 -2.443132e-02 9.995094e-01 1.959568e-02 2.663731e+00 6.024989e-01 -9.202948e-04 7.981192e-01 1.205450e+02
7.969190e-01 2.478753e-02 -6.035774e-01 -6.780010e+01 -2.427752e-02 9.996647e-01 8.999691e-03 2.682323e+00 6.035982e-01 7.481337e-03 7.972536e-01 1.213021e+02
7.967195e-01 1.837523e-02 -6.040699e-01 -6.838614e+01 -2.651005e-02 9.996382e-01 -4.556568e-03 2.692559e+00 6.037676e-01 1.964423e-02 7.969183e-01 1.220554e+02
7.969662e-01 1.775264e-02 -6.037629e-01 -6.903943e+01 -2.934633e-02 9.995256e-01 -9.347730e-03 2.690650e+00 6.033106e-01 2.516805e-02 7.971091e-01 1.228917e+02
7.970343e-01 2.373245e-02 -6.034676e-01 -6.963875e+01 -3.142861e-02 9.995036e-01 -2.202286e-03 2.688456e+00 6.031158e-01 2.072144e-02 7.973845e-01 1.236628e+02
7.973330e-01 2.844646e-02 -6.028689e-01 -7.023525e+01 -3.081964e-02 9.995045e-01 6.400817e-03 2.691279e+00 6.027523e-01 1.347662e-02 7.978146e-01 1.244374e+02
7.973824e-01 3.378365e-02 -6.025280e-01 -7.089005e+01 -3.147356e-02 9.994011e-01 1.438432e-02 2.706593e+00 6.026531e-01 7.493894e-03 7.979681e-01 1.252886e+02
7.976654e-01 3.467375e-02 -6.021027e-01 -7.148163e+01 -3.005334e-02 9.993909e-01 1.773804e-02 2.714226e+00 6.023510e-01 3.946177e-03 7.982216e-01 1.260573e+02
7.977878e-01 3.333549e-02 -6.020160e-01 -7.206986e+01 -3.047840e-02 9.994236e-01 1.495139e-02 2.725710e+00 6.021675e-01 6.420450e-03 7.983440e-01 1.268217e+02
7.981589e-01 3.416536e-02 -6.014774e-01 -7.271990e+01 -3.363899e-02 9.993605e-01 1.212724e-02 2.743491e+00 6.015071e-01 1.055362e-02 7.987978e-01 1.276576e+02
7.982798e-01 3.367505e-02 -6.013445e-01 -7.330951e+01 -3.557540e-02 9.993288e-01 8.735971e-03 2.753997e+00 6.012351e-01 1.441932e-02 7.989421e-01 1.284192e+02
7.985653e-01 3.470606e-02 -6.009067e-01 -7.395738e+01 -3.608462e-02 9.993011e-01 9.761720e-03 2.763926e+00 6.008256e-01 1.388812e-02 7.992595e-01 1.292617e+02
7.990323e-01 3.583735e-02 -6.002192e-01 -7.454522e+01 -3.572930e-02 9.992882e-01 1.210056e-02 2.772690e+00 6.002256e-01 1.177667e-02 7.997440e-01 1.300283e+02
7.997663e-01 3.542530e-02 -5.992653e-01 -7.518833e+01 -3.462810e-02 9.993175e-01 1.286031e-02 2.783726e+00 5.993119e-01 1.046618e-02 8.004472e-01 1.308704e+02
8.004841e-01 3.444244e-02 -5.983635e-01 -7.579513e+01 -3.352472e-02 9.993575e-01 1.267509e-02 2.793181e+00 5.984156e-01 9.913763e-03 8.011245e-01 1.316421e+02
8.010076e-01 3.231892e-02 -5.977812e-01 -7.639678e+01 -3.132290e-02 9.994365e-01 1.206267e-02 2.803357e+00 5.978342e-01 9.061951e-03 8.015686e-01 1.324146e+02
8.015186e-01 2.965770e-02 -5.972339e-01 -7.700014e+01 -2.933302e-02 9.995170e-01 1.026804e-02 2.809650e+00 5.972500e-01 9.288652e-03 8.020014e-01 1.331865e+02
8.020880e-01 2.702479e-02 -5.965941e-01 -7.765319e+01 -2.746902e-02 9.995878e-01 8.349206e-03 2.817460e+00 5.965738e-01 9.691054e-03 8.024997e-01 1.340337e+02
8.024167e-01 2.514405e-02 -5.962342e-01 -7.825285e+01 -2.647204e-02 9.996282e-01 6.529478e-03 2.821153e+00 5.961767e-01 1.054417e-02 8.027840e-01 1.348053e+02
8.024942e-01 2.457311e-02 -5.961537e-01 -7.884866e+01 -2.604063e-02 9.996420e-01 6.150876e-03 2.827819e+00 5.960915e-01 1.058818e-02 8.028467e-01 1.355778e+02
8.022738e-01 2.552483e-02 -5.964103e-01 -7.950882e+01 -2.724122e-02 9.996101e-01 6.136650e-03 2.834085e+00 5.963344e-01 1.132367e-02 8.026563e-01 1.364278e+02
8.020395e-01 2.591797e-02 -5.967084e-01 -8.016657e+01 -2.776461e-02 9.995959e-01 6.098767e-03 2.835780e+00 5.966253e-01 1.167592e-02 8.024350e-01 1.372519e+02
8.017779e-01 2.676991e-02 -5.970223e-01 -8.076843e+01 -2.845600e-02 9.995732e-01 6.604622e-03 2.829428e+00 5.969443e-01 1.169342e-02 8.021975e-01 1.379954e+02
8.014878e-01 2.718570e-02 -5.973929e-01 -8.136630e+01 -2.887632e-02 9.995602e-01 6.745529e-03 2.830207e+00 5.973136e-01 1.184405e-02 8.019203e-01 1.387486e+02
8.012232e-01 2.710894e-02 -5.977511e-01 -8.196358e+01 -2.814330e-02 9.995749e-01 7.609102e-03 2.834359e+00 5.977033e-01 1.072610e-02 8.016456e-01 1.395048e+02
8.008732e-01 2.732282e-02 -5.982102e-01 -8.262227e+01 -2.647413e-02 9.995973e-01 1.021280e-02 2.839545e+00 5.982484e-01 7.657942e-03 8.012741e-01 1.403373e+02
8.005888e-01 2.650423e-02 -5.986277e-01 -8.321715e+01 -2.428807e-02 9.996356e-01 1.177662e-02 2.846452e+00 5.987217e-01 5.111283e-03 8.009408e-01 1.410978e+02
8.001558e-01 2.438190e-02 -5.992964e-01 -8.387057e+01 -2.172841e-02 9.996959e-01 1.166097e-02 2.850032e+00 5.993985e-01 3.691163e-03 8.004423e-01 1.419314e+02
7.996904e-01 2.095919e-02 -6.000466e-01 -8.446225e+01 -1.779943e-02 9.997788e-01 1.120000e-02 2.859053e+00 6.001487e-01 1.723958e-03 7.998866e-01 1.426920e+02
7.991871e-01 2.107144e-02 -6.007129e-01 -8.505878e+01 -1.787247e-02 9.997765e-01 1.129205e-02 2.865360e+00 6.008166e-01 1.711767e-03 7.993851e-01 1.434477e+02
7.987890e-01 2.095502e-02 -6.012462e-01 -8.565350e+01 -1.764813e-02 9.997793e-01 1.139843e-02 2.875391e+00 6.013523e-01 1.505929e-03 7.989825e-01 1.442046e+02
7.981531e-01 2.207707e-02 -6.020501e-01 -8.630662e+01 -1.889202e-02 9.997541e-01 1.161518e-02 2.880344e+00 6.021585e-01 2.103252e-03 7.983738e-01 1.450333e+02
7.976589e-01 2.553504e-02 -6.025680e-01 -8.696264e+01 -2.249240e-02 9.996678e-01 1.258828e-02 2.890155e+00 6.026893e-01 3.512045e-03 7.979682e-01 1.458590e+02
7.973514e-01 2.894927e-02 -6.028205e-01 -8.755946e+01 -2.554782e-02 9.995726e-01 1.421039e-02 2.898237e+00 6.029743e-01 4.070082e-03 7.977502e-01 1.466068e+02
7.972010e-01 3.117065e-02 -6.029088e-01 -8.815444e+01 -2.743705e-02 9.995050e-01 1.539600e-02 2.912338e+00 6.030902e-01 4.268329e-03 7.976616e-01 1.473551e+02
7.972061e-01 3.466909e-02 -6.027110e-01 -8.875034e+01 -3.121874e-02 9.993814e-01 1.619329e-02 2.926528e+00 6.028996e-01 5.906488e-03 7.977952e-01 1.481016e+02
7.972396e-01 3.762494e-02 -6.024893e-01 -8.940204e+01 -3.377594e-02 9.992725e-01 1.770996e-02 2.939618e+00 6.027174e-01 6.230562e-03 7.979304e-01 1.489244e+02
7.970543e-01 3.899715e-02 -6.026472e-01 -8.999127e+01 -3.405660e-02 9.992274e-01 1.961690e-02 2.955324e+00 6.029466e-01 4.888378e-03 7.977666e-01 1.496752e+02
7.970998e-01 3.954815e-02 -6.025511e-01 -9.057815e+01 -3.332715e-02 9.992133e-01 2.149523e-02 2.970316e+00 6.029272e-01 2.947472e-03 7.977908e-01 1.504265e+02
7.973141e-01 3.898309e-02 -6.023043e-01 -9.122392e+01 -3.287908e-02 9.992355e-01 2.114934e-02 2.991829e+00 6.026684e-01 2.940544e-03 7.979864e-01 1.512499e+02
7.972465e-01 3.703313e-02 -6.025168e-01 -9.180754e+01 -3.265169e-02 9.993008e-01 1.821658e-02 3.007366e+00 6.027701e-01 5.150092e-03 7.978983e-01 1.519958e+02
7.971302e-01 3.471777e-02 -6.028085e-01 -9.238945e+01 -3.247919e-02 9.993657e-01 1.460764e-02 3.020876e+00 6.029333e-01 7.934539e-03 7.977522e-01 1.527420e+02
7.971964e-01 3.205904e-02 -6.028682e-01 -9.302903e+01 -3.059568e-02 9.994513e-01 1.269048e-02 3.034525e+00 6.029443e-01 8.328353e-03 7.977398e-01 1.535647e+02
7.971663e-01 3.397868e-02 -6.028028e-01 -9.361538e+01 -3.172714e-02 9.993932e-01 1.437660e-02 3.048187e+00 6.029256e-01 7.664673e-03 7.977606e-01 1.543134e+02
7.972122e-01 3.506058e-02 -6.026802e-01 -9.425818e+01 -3.240271e-02 9.993582e-01 1.527551e-02 3.060602e+00 6.028290e-01 7.350650e-03 7.978366e-01 1.551362e+02
7.969252e-01 3.331650e-02 -6.031585e-01 -9.483943e+01 -3.212416e-02 9.994024e-01 1.275957e-02 3.072819e+00 6.032232e-01 9.207538e-03 7.975193e-01 1.558812e+02
7.964526e-01 3.022219e-02 -6.039453e-01 -9.541760e+01 -3.027190e-02 9.994907e-01 1.009474e-02 3.083119e+00 6.039428e-01 1.024259e-02 7.969619e-01 1.566272e+02
7.955091e-01 2.880535e-02 -6.052566e-01 -9.605626e+01 -2.992911e-02 9.995181e-01 8.232207e-03 3.089802e+00 6.052021e-01 1.156600e-02 7.959879e-01 1.574465e+02
7.946978e-01 2.712301e-02 -6.063989e-01 -9.663891e+01 -2.879974e-02 9.995609e-01 6.965737e-03 3.096852e+00 6.063216e-01 1.192847e-02 7.951301e-01 1.581886e+02
7.939210e-01 2.589733e-02 -6.074691e-01 -9.722180e+01 -2.734963e-02 9.996023e-01 6.870454e-03 3.105442e+00 6.074055e-01 1.115946e-02 7.943136e-01 1.589312e+02
7.932371e-01 2.935848e-02 -6.082048e-01 -9.786803e+01 -2.890591e-02 9.995265e-01 1.054799e-02 3.116639e+00 6.082265e-01 9.213659e-03 7.937101e-01 1.597473e+02
7.929546e-01 3.149654e-02 -6.084660e-01 -9.844917e+01 -3.050577e-02 9.994628e-01 1.198084e-02 3.119083e+00 6.085165e-01 9.061468e-03 7.934895e-01 1.604928e+02
7.927771e-01 2.899062e-02 -6.088219e-01 -9.908792e+01 -2.951111e-02 9.995224e-01 9.166956e-03 3.130430e+00 6.087969e-01 1.069966e-02 7.932540e-01 1.613042e+02
7.927371e-01 2.900981e-02 -6.088729e-01 -9.966818e+01 -3.119670e-02 9.994887e-01 7.003441e-03 3.137645e+00 6.087648e-01 1.344294e-02 7.932368e-01 1.620428e+02
7.930077e-01 2.825748e-02 -6.085559e-01 -1.002501e+02 -3.115222e-02 9.994977e-01 5.815965e-03 3.146001e+00 6.084146e-01 1.434576e-02 7.934897e-01 1.627790e+02
7.933378e-01 2.760068e-02 -6.081557e-01 -1.008275e+02 -3.029044e-02 9.995240e-01 5.848827e-03 3.150332e+00 6.080277e-01 1.378121e-02 7.937962e-01 1.635196e+02
7.938957e-01 2.746118e-02 -6.074335e-01 -1.014596e+02 -2.935524e-02 9.995458e-01 6.821671e-03 3.151939e+00 6.073449e-01 1.241566e-02 7.943413e-01 1.643398e+02
7.942944e-01 2.815001e-02 -6.068805e-01 -1.020353e+02 -2.839504e-02 9.995544e-01 9.200248e-03 3.157836e+00 6.068691e-01 9.924689e-03 7.947399e-01 1.650855e+02
7.948209e-01 2.903768e-02 -6.061489e-01 -1.026668e+02 -2.860206e-02 9.995370e-01 1.037818e-02 3.164510e+00 6.061696e-01 9.088308e-03 7.952835e-01 1.659042e+02
7.954081e-01 2.848585e-02 -6.054044e-01 -1.032422e+02 -2.886865e-02 9.995418e-01 9.102097e-03 3.173635e+00 6.053863e-01 1.023732e-02 7.958660e-01 1.666431e+02
7.961426e-01 2.688860e-02 -6.045113e-01 -1.038072e+02 -2.855758e-02 9.995687e-01 6.850337e-03 3.178006e+00 6.044348e-01 1.180953e-02 7.965671e-01 1.673893e+02
7.969284e-01 2.907563e-02 -6.033737e-01 -1.044370e+02 -2.997803e-02 9.995138e-01 8.570395e-03 3.187206e+00 6.033295e-01 1.125797e-02 7.974125e-01 1.682063e+02
7.975601e-01 3.556951e-02 -6.021899e-01 -1.050097e+02 -3.386419e-02 9.993259e-01 1.417629e-02 3.194020e+00 6.022882e-01 9.086229e-03 7.982270e-01 1.689512e+02
7.981820e-01 3.889172e-02 -6.011597e-01 -1.055804e+02 -3.634266e-02 9.992050e-01 1.638957e-02 3.203602e+00 6.013192e-01 8.765883e-03 7.989608e-01 1.696892e+02
